      0/49     7.43G   0.05889   0.01066   0.01277   0.08233        62       512 0.0006997 0.0009346 2.203e-05 1.504e-07 5.083e-06   0.05763   0.01147   0.01484
      1/49     7.45G   0.05485   0.01097   0.01115   0.07698        23       512   0.04337   0.09735   0.03006 0.0002478  0.005627   0.05318   0.01027  0.009721
      2/49     7.57G   0.04952  0.009655   0.00771   0.06689        27       512    0.7793    0.1352   0.08508  0.001521   0.01799   0.04512   0.01102  0.007702
      3/49     7.57G   0.04396  0.009641  0.005789   0.05939        54       512    0.6299    0.2083    0.1863   0.02061   0.06181   0.04941  0.009296   0.01028
      4/49     7.57G   0.03971  0.009045   0.00514    0.0539        30       512    0.6992    0.3634    0.3612   0.01631    0.1077   0.03575  0.009432  0.004744
      5/49     7.57G   0.03733   0.00874  0.004578   0.05065        30       512    0.6666    0.3414    0.3197   0.03417   0.09847   0.04366  0.008361   0.00627
      6/49     7.58G   0.03596  0.008353  0.004215   0.04853        19       512    0.7728    0.3995    0.4579   0.06637    0.1625   0.03319  0.008721   0.00451
      7/49     7.58G   0.03425  0.008072  0.004106   0.04643        39       512    0.7574    0.3899    0.4256   0.06695    0.1563   0.03826  0.007995  0.005151
      8/49     7.58G   0.03298  0.007661  0.003857    0.0445        25       512    0.5182    0.5503    0.4983   0.07531    0.1594   0.03136  0.008199  0.003883
      9/49     7.58G   0.03173  0.007453  0.003464   0.04265        30       512    0.5782    0.5743    0.6004    0.1369    0.2447   0.03143  0.008034  0.004193
     10/49     7.58G   0.03121  0.007322  0.003432   0.04196        40       512    0.5701     0.663    0.6517   0.09022    0.2309    0.0294  0.007756  0.003265
     11/49     7.58G   0.03084  0.007183  0.002973   0.04099        20       512    0.6661     0.669    0.6507    0.1515    0.2631   0.03058   0.00745  0.003108
     12/49     7.58G   0.02981  0.006829  0.002781   0.03942        47       512    0.6816    0.6448    0.6784    0.1634    0.2843   0.03042  0.007607  0.003612
     13/49     7.58G   0.02895  0.006649  0.002571   0.03817        40       512    0.7501    0.6751     0.717    0.1986    0.2998   0.02853  0.007332   0.00336
     14/49     7.58G    0.0286  0.006527  0.002428   0.03755        48       512    0.8047    0.6545    0.7339    0.2509    0.3412   0.02775   0.00735  0.003247
     15/49     7.58G   0.02816   0.00667  0.002238   0.03707        55       512    0.7584    0.6662     0.737    0.2883     0.356   0.02755  0.007222  0.003432
     16/49     7.58G   0.02772  0.006261  0.002215    0.0362        22       512    0.8298    0.6221     0.738    0.2532    0.3356   0.02727  0.007445  0.002884
     17/49     7.58G   0.02697  0.006227  0.002106    0.0353        66       512    0.7771     0.674    0.7542    0.1606    0.3083   0.02764  0.007129  0.003234
     18/49     7.58G   0.02714  0.006368  0.001965   0.03547        27       512    0.7665    0.6769    0.7354    0.2726    0.3403   0.02708   0.00734  0.003352
     19/49     7.58G   0.02639  0.006155  0.001944   0.03449        49       512    0.7888    0.6528    0.7495    0.1667    0.3145   0.02713   0.00689  0.003992
     20/49     7.58G   0.02578  0.006109  0.001798   0.03368        40       512    0.7984    0.6861    0.7842    0.3354    0.3892   0.02467  0.006785  0.002586
     21/49     7.58G   0.02539  0.006063  0.001798   0.03325        54       512    0.7997    0.6787    0.7689    0.3718    0.3884   0.02617  0.006867  0.002695
     22/49     7.58G   0.02478  0.005991  0.001651   0.03242        82       512    0.7957    0.7062    0.7837    0.3196    0.3824   0.02534  0.006872  0.002916
     23/49     7.58G   0.02483  0.005825  0.001695   0.03235        42       512    0.8277    0.6854    0.7889    0.3712    0.4005   0.02534  0.006695  0.002756
     24/49     7.58G   0.02452  0.005894  0.001518   0.03194        39       512    0.7902    0.7115    0.7668    0.3576    0.3866   0.02549  0.006741  0.002459
     25/49     7.58G   0.02426  0.005951  0.001516   0.03173        29       512    0.7759    0.7111    0.7597     0.352    0.3792   0.02675  0.006792  0.002997
     26/49     7.58G   0.02386   0.00579  0.001659   0.03131        26       512    0.8162    0.7119    0.7846    0.4002    0.4073   0.02455  0.006547  0.003004
     27/49     7.58G   0.02393  0.005654  0.001514    0.0311        63       512    0.8304    0.7231    0.7798    0.3659    0.3953   0.02472  0.006494  0.002609
     28/49     7.58G   0.02344  0.005565  0.001612   0.03061        35       512    0.8065    0.7423    0.8082    0.3747    0.4113   0.02458  0.006461   0.00261
     29/49     7.58G   0.02313  0.005606  0.001402   0.03013        19       512    0.7833    0.7571       0.8    0.4278    0.4194   0.02413  0.006593  0.002582
     30/49     7.58G   0.02296  0.005699  0.001365   0.03002        30       512     0.787    0.7339    0.7851    0.3542    0.3969   0.02472  0.006471  0.002878
     31/49     7.58G   0.02234   0.00559  0.001323   0.02925        22       512    0.8163    0.7262    0.7941    0.4031    0.4219   0.02489  0.006563  0.002772
     32/49     7.58G   0.02242    0.0056  0.001337   0.02936        37       512    0.8453    0.7188    0.7981    0.4121      0.42   0.02496  0.006526   0.00321
     33/49     7.58G   0.02228  0.005531  0.001358   0.02917        52       512    0.8606    0.7217    0.8021    0.4301    0.4308   0.02398  0.006418   0.00258
     34/49     7.58G   0.02209  0.005505  0.001259   0.02885        42       512    0.8082    0.7452    0.8027    0.3852    0.4187    0.0238  0.006547  0.002088
     35/49     7.58G   0.02189   0.00553  0.001223   0.02864        41       512    0.8538    0.7074    0.8025    0.4428    0.4327   0.02428  0.006475  0.002411
     36/49     7.58G   0.02142  0.005312  0.001139   0.02787        29       512    0.8012    0.7501    0.8048    0.4087    0.4252   0.02397  0.006458  0.002551
     37/49     7.58G   0.02188   0.00546   0.00125   0.02859        46       512    0.8501    0.7215    0.8023    0.4102    0.4288    0.0236  0.006464  0.002122
     38/49     7.58G   0.02126  0.005398  0.001254   0.02791        29       512    0.7736    0.7691    0.8077    0.4251    0.4367    0.0246  0.006366  0.002863
     39/49     7.58G   0.02098  0.005331  0.001212   0.02753        30       512    0.8045    0.7641    0.8187    0.4387    0.4385   0.02367  0.006543   0.00262
     40/49     7.58G   0.02118  0.005286  0.001136   0.02761        45       512    0.8576    0.7237    0.8175    0.4484    0.4447   0.02355  0.006492  0.002524
     41/49     7.58G   0.02134  0.005291  0.001164    0.0278        27       512    0.8383    0.7534    0.8247    0.4244    0.4427   0.02337  0.006379  0.002984
     42/49     7.58G   0.02075   0.00526  0.001081   0.02709        32       512    0.8608    0.7289    0.8221    0.4516    0.4529   0.02353  0.006269  0.002448
     43/49     7.58G   0.02081  0.005308  0.001132   0.02725        41       512    0.8466    0.7482    0.8253    0.4435    0.4448   0.02304  0.006358  0.002534
     44/49     7.58G   0.02071  0.005385  0.001038   0.02713        24       512    0.8474    0.7396    0.8235    0.4241    0.4419   0.02363  0.006411  0.002802
     45/49     7.58G   0.02074  0.005388  0.001025   0.02715        35       512     0.788    0.7826     0.824    0.4493    0.4477   0.02343  0.006368  0.002756
     46/49     7.58G   0.02023  0.005286   0.00116   0.02668        15       512    0.8707    0.7072    0.8201    0.4615    0.4469    0.0233  0.006327  0.002716
     47/49     7.58G   0.02047  0.005335  0.001117   0.02692        33       512    0.8607    0.7184    0.8212    0.4557    0.4524   0.02282  0.006301  0.002541
     48/49     7.58G   0.02027  0.005258  0.001081   0.02661        55       512    0.8906    0.7129    0.8255    0.4513    0.4484   0.02311  0.006378  0.002705
     49/49     7.58G   0.02029  0.005412  0.001101    0.0268        17       512    0.8799    0.7067      0.82    0.4363    0.4473   0.02337  0.006277  0.003173
